Beginners Problem:

1000
1001
1006
1008
1015
1022
1045
1053
1069
1107
1109
1116
1133
1182
1214
1216
1225
1227

Basic Math:
1008
1116
1214
1010
1294

Number Theory:
1109	Completed
1045	Completed
1220
1007	Completed
1067	Completed
1054
1098
1138
1245
1278
1282
1289
1298
1336
1341
1090
1014
1035	Completed
1163
1014
1259

Binary Search:
1043
1072
1088
1138
1056
1235

Geometry:
1022
1107
1216
1043
1072
1331
1305
1178
1211

Graph:
1012
1009
1066
1094
1111
1141
1174
1175
1238
1337
1019
1174
1002
1029
1041
1040

Dynamic Programming:
1004
1005
1011
1025
1033
1044
1047
1110
1122
1125
1134
1283
1298